"COUNTRY"	"GDP_PER_CAP"	"CO2_PER_CAP"	"PERC_ACCESS_ELECTRICITY"	"ATMS_PER_1E5"	"PERC_INTERNET_USERS"	"SCIENTIFIC_ARTICLES_PER_YR"	"PERC_FEMALE_SECONDARY_EDU"	"PERC_FEMALE_LABOR_FORCE"	"PERC_FEMALE_PARLIAMENT"	"EQUAL_WORK"	"EQUAL_PAY"
"Afghanistan"	599.78248171526	0.318832326474457	64.0341992972718	0.777416928874619	6.22003398415069	37.425	34.08873295784	17.6485555436876	27.6555555555556	"NO"	"NO"
"Albania"	4369.72770116082	1.71646187070495	100	34.5835023450844	54.5965420547379	222.1875	48.9895887374878	53.811777750651	19.2888888888889	"NO"	"YES"
"Algeria"	4622.59904617605	3.44984617289635	99.0725265279089	6.78742444308582	23.7469408600042	3194.55	51.193229675293	16.6287777158949	23.0222222222222	"NO"	"YES"
"Angola"	3604.7677116041	1.26757965095605	35.9788100242615	14.4219000021886	7.4	25.15	46.5643463134766	76.2897788153754	36.9111111111111	"YES"	"YES"
"Argentina"	10352.000365184	4.55812751486565	99.4719400787354	52.558559267965	56.1765056161768	8156.075	51.25859778268	55.3766665988498	37.5857142857143	"NO"	"YES"
"Armenia"	3662.05307148829	1.74393920928946	99.8636089324951	49.1628789305015	41.2214016673237	534.175	48.4745494297573	56.9704441494412	10.9333333333333	"YES"	"NO"
"Australia"	53876.1429029327	16.9999429570533	100	164.604431714361	81.7261214240276	47138.475	49.6307187080383	70.7059995863173	26.3888888888889	"YES"	"YES"
"Austria"	47795.0498699027	7.49395174105055	100	115.675616466292	80.5781857535961	12137.5625	50.0956726074219	70.388666788737	29.8777777777778	"YES"	"YES"
"Azerbaijan"	5895.31505781887	3.69026343148687	99.9687650680542	31.3507916652201	62.2000018898155	541.6625	46.1325764656067	67.3578889634874	15.7222222222222	"NO"	"NO"
"Bahamas, The"	27435.6123490123	5.55790661031507	99.8149299621582	92.4827193887433	65.068525351837	11.65	50.4898300170898	76.9523340861003	12.8222222222222	"YES"	"NO"
"Bangladesh"	890.708413314755	0.416356234542063	62.1744689559937	4.48315041599502	8.68461725036811	1930.3	52.4690611703055	32.873221927219	19.6	"NO"	"NO"
"Barbados"	16064.0393758686	5.23036661297566	100	35.6952444895043	71.2649247361092	40.8875	49.7751681009929	74.9313337537977	13.7222222222222	"NO"	"NO"
"Belarus"	6300.58570399743	6.66058330374844	100	46.8810754407374	52.4253763148759	1042.95	49.705979347229	73.3992216322157	30.1666666666667	"NO"	"YES"
"Belgium"	44704.5177724831	9.00227200765451	100	91.109653928374	81.5276963734843	16436.7875	51.8332159859793	62.0631103515625	38.5777777777778	"YES"	"YES"
"Belize"	4365.82930409328	1.61449175781702	91.381831676814	39.0163710118745	34.4457175399794	7.5	51.2114763259888	55.3196661207411	2.76666666666667	"NO"	"NO"
"Benin"	801.911787639574	0.565260261739745	36.7827612876892	3.91930580434365	6.02091986038129	153.65	39.7193832397461	69.918445163303	8.53333333333333	"NO"	"YES"
"Bhutan"	2460.83570653666	0.963880085279782	88.7992674772211	16.7987448201364	23.1303305665209	23.225	50.7758316993713	62.5538885328505	8.26666666666667	"NO"	"YES"
"Bolivia"	2223.39732704412	1.6925551606738	89.2362622785034	27.7579882880563	31.4237231566586	87.975	48.064076423645	60.6104431152344	37.3666666666667	"NO"	"YES"
"Bosnia and Herzegovina"	4953.90335094436	6.02240666728747	99.9090061834751	44.5328904846047	50.0258206657375	502.7875	51.5314083099365	44.6309996710884	20.6111111111111	"NO"	"YES"
"Botswana"	6998.38437511492	2.33128610270518	53.5719635772705	28.2417044080846	22.5712243996947	172.6375	51.3998804092407	63.980221218533	8.61111111111111	"YES"	"NO"
"Brazil"	11321.3209655064	2.27578536250273	99.4405599550781	114.629075174103	49.8639367102322	48246.8125	50.7336627415248	59.1751107109918	9.28888888888889	"YES"	"NO"
"Brunei Darussalam"	33948.6110336337	21.9564045996422	100	81.8295817419493	64.0928831302899	123.3875	48.8768911361695	61.7291107177734	7.8	"YES"	"NO"
"Bulgaria"	7332.0345870225	5.97554047473299	100	92.5652282757853	53.2837144179177	2637.4875	50.8459229469299	63.8169987996419	21.6111111111111	"YES"	"YES"
"Burkina Faso"	624.218441151468	0.148443505623032	16.6941716432571	2.69788443133746	6.76283513527797	182.1625	44.5322308540344	60.3783336215549	14	"YES"	"NO"
"Burundi"	230.029210712122	0.0297404181935593	6.43804625272751	1.02989739389839	2.11425866201274	11.2	45.2166767120361	81.2266676161024	32.7444444444444	"YES"	"NO"
"Cabo Verde"	3392.05550462428	1.04233878143745	84.6812908172607	44.6558945671685	38.407218246242	6.25	53.5092930793762	51.121888478597	20.8222222222222	"YES"	"NO"
"Cambodia"	930.67128354635	0.36979455726163	42.7354115486145	7.9372093522049	13.2617651336658	84.575	48.0542078018188	83.5540000067817	20.4777777777778	"YES"	"NO"
"Cameroon"	1396.51424276075	0.314170857047779	55.7167363166809	2.5389025410732	12.8597768734715	510.5875	47.9988305228097	71.826779683431	23.4555555555556	"NO"	"NO"
"Canada"	49197.8678003519	15.3407088379562	100	217.834680654863	84.89375	58791.8	48.9895835876465	74.2983322143555	24.6444444444444	"YES"	"YES"
"Central African Republic"	377.416163822509	0.0628328094078337	11.8298554182053	0.807007454844686	2.975	15.15	36.2873067855835	65.2633327907986	10	"NO"	"NO"
"Chad"	895.257633918086	0.047564393813197	7.24062277078628	0.827051961096145	2.63750000000682	8.725	30.3940484523773	65.2575547960069	12.2777777777778	"NO"	"YES"
"Chile"	14100.0972690105	4.49537095567679	99.7173627198486	60.8629563078006	61.7207882468468	5406.575	50.3543157577515	55.0213330586751	14.9111111111111	"NO"	"NO"
"China"	5728.91848573987	7.05633457693201	99.8077949523926	46.4268758052849	43.9222352761777	358467.7	47.7200403213501	69.3598887125651	22.6	"NO"	"NO"
"Colombia"	6959.17273182078	1.7109985247113	97.4167136958008	36.8306737829299	48.4891402397865	4377.4125	50.807080745697	62.1438886854384	15.0888888888889	"NO"	"NO"
"Comoros"	772.796174957929	0.209968089614053	69.4116083145142	4.62003207767156	6.11909755811007	3.875	50.3447176615397	36.0206663343642	3.01111111111111	"YES"	"YES"
"Congo, Dem. Rep."	373.459596210692	0.0408746475892755	14.4962891817093	0.684204216945374	2.4212418227774	84.3875	38.1017627716065	72.1411107381185	8.9875	"NO"	"NO"
"Congo, Rep."	2763.30613541754	0.548095221291874	48.0494682312012	3.66926811820252	6.33182737623929	58.9375	45.0671329498291	68.696890089247	7.8	"NO"	"NO"
"Costa Rica"	8878.1871451435	1.67044118957851	99.4342245	59.4386665946568	50.4306137337743	311.3625	49.8223352432251	51.6174452039931	36.2444444444444	"NO"	"NO"
"Cote d'Ivoire"	1350.84345897064	0.397157553552097	60.1465110778809	5.50161583038801	18.5960167390542	176.2375	39.9214232308524	49.0133332146539	9.77777777777778	"NO"	"YES"
"Croatia"	14004.761782372	4.38113835067544	100	112.897461530415	63.5304611360758	4530.05	51.642954826355	60.0074445936415	20.9444444444444	"YES"	"YES"
"Cyprus"	28972.4535055246	6.24544459075377	100	59.0981686171683	64.8326677681095	789.1125	51.3762784685407	67.3813332451715	13.1	"NO"	"YES"
"Czech Republic"	20611.8088178645	9.88487308494351	100	47.6612961575091	72.9312591543801	14284.8	51.2659252711705	64.6242222256131	20.0555555555556	"NO"	"YES"
"Denmark"	59197.7811038542	7.17926230672966	100	56.7004879212889	93.1830413902279	12387.8875	50.9451737403869	76.0524453057183	38.2888888888889	"YES"	"YES"
"Djibouti"	1325.99072352076	0.62724306551297	52.8900134086609	5.31899213489546	14.0795542977046	6.375	43.8636450767517	51.3506664699978	12.9777777777778	"NO"	"YES"
"Dominican Republic"	6045.51324511932	2.10763708683431	98.3982865	33.1382331048378	44.1257207921223	28.1125	51.6644897460938	56.2595553927951	22.0111111111111	"YES"	"NO"
"Ecuador"	5096.41719958941	2.54887723963866	97.9717586693115	49.1588042864057	40.69745218024	404.425	50.6485552787781	54.3044454786513	36.7444444444444	"NO"	"YES"
"Egypt, Arab Rep."	2632.17415301038	2.41542198307305	99.7971782684326	10.1548964126566	31.2124731858983	8451.2125	49.6875400543213	24.2133333418104	8.05	"NO"	"NO"
"El Salvador"	3210.18435854403	1.03987826464594	94.1383665605469	32.2282847321353	21.3627597344701	19.6	49.1543736457825	50.6300002204047	25.9	"YES"	"NO"
"Equatorial Guinea"	15873.1080872157	5.09801534661635	66.4945384979248	5.4692389092913	14.2416477684486	3.85	47.8094393412272	57.2171109517415	16.4555555555556	"NO"	"YES"
"Estonia"	16715.1052546889	13.6328799563864	100	79.4912483481001	81.0541505026451	1457.4125	51.9516045706613	72.0797763400607	22.2555555555556	"YES"	"YES"
"Eswatini"	3836.35027778909	0.892624359206321	56.1922464323379	25.8180252987019	20.4979191750079	32.5375	49.4495664324079	43.6057773166233	9.48888888888889	"NO"	"NO"
"Ethiopia"	426.209061105767	0.0937227164435342	29.1685428142548	0.293116383755228	5.85151242689315	762.175	46.2814483642578	79.8677766587999	30.8111111111111	"NO"	"NO"
"Fiji"	3933.88954762228	1.241379519103	93.0406494140625	40.7271076747697	32.5436668830415	90.9125	50.8762302398682	42.5138888888889	15.5	"NO"	"NO"
"Finland"	45984.911906709	9.74881423126304	100	35.1531263155375	87.5121664451379	10509.15	51.7530751228333	73.5393329196506	41.6666666666667	"YES"	"YES"
"France"	41318.8866740058	5.10927819143116	100	107.080388106697	79.0633109991856	72243.2125	50.3664131164551	66.552000257704	25.3444444444444	"NO"	"YES"
"Gabon"	9220.78937197892	2.85352561734591	87.6784490585327	10.1250983823106	28.3682566263273	54.2	51.6545715332031	43.3436665005154	15.0777777777778	"NO"	"NO"
"Georgia"	3582.33655605142	1.98903895054511	99.7989625930786	60.2212992159583	41.1167796885835	461.0625	48.0745124816895	62.2802221510145	10.1875	"YES"	"NO"
"Germany"	44190.7013414299	9.11706372592071	100	118.903330140842	84.0680443749737	102747.7375	49.5997243608747	72.3620012071398	34.9333333333333	"YES"	"NO"
"Ghana"	1564.42894947905	0.445498608658891	70.6680206912232	6.12609838637481	17.43394881125	591.8875	47.4017643928528	75.7545547485351	10.15	"NO"	"NO"
"Greece"	23993.2809357246	7.12863305737181	100	67.5257158009082	56.564900510239	11702.1875	50.052339553833	59.0335557725694	19.3333333333333	"YES"	"YES"
"Guatemala"	2962.93605945308	0.871026235469175	86.7065995516968	30.1611073062596	19.3144084558641	71.2875	46.4696154594422	43.4891107347276	13.0777777777778	"NO"	"NO"
"Guinea"	709.759552769247	0.223838972540382	28.3671444892883	1.32219770569303	4.4925	18.325	37.6430981953939	65.1226654052735	21.9	"NO"	"YES"
"Guinea-Bissau"	562.840510392148	0.154356021285031	11.5954938411712	3.11766638405954	3.00517399524239	11.125	40.4749717712402	66.2965562608507	12.5333333333333	"NO"	"NO"
"Guyana"	3436.69511410261	2.43630464067895	82.1566209793091	16.5751530950568	30.87	12.4	50.5724182128907	41.6377779642741	30.8777777777778	"NO"	"YES"
"Honduras"	2040.73936486363	1.03397192151953	84.806796454834	21.0210420196186	18.6762267267228	24.6125	53.6732196807861	47.5976664225261	21.9666666666667	"NO"	"NO"
"Hungary"	13945.9323931663	4.61328114162737	100	57.6623466575734	71.4157479923044	6373.9	50.1831874847412	59.198555416531	9.66666666666667	"YES"	"NO"
"Iceland"	44981.0874844042	6.00890764266537	100	79.926283888896	96.0707878319224	587.7375	51.403564453125	83.5615564982096	42.3444444444444	"YES"	"YES"
"India"	1583.86265746096	1.53751273856846	79.0206800460815	13.0030447837612	15.8646529749714	85184.625	48.0293302536011	29.1768889957004	11.3111111111111	"NO"	"NO"
"Indonesia"	3549.73553582007	2.06902100861062	95.895203217892	34.8776410523879	17.3820566230253	3156.1875	50.6870560646057	52.8243327670627	18.0222222222222	"YES"	"NO"
"Iran, Islamic Rep."	6363.09615616471	7.88303193654767	99.5876159667969	50.7765835316534	33.3009005189748	32151.6	49.6211291721889	16.3434446122911	3.62222222222222	"NO"	"NO"
"Ireland"	56915.0616887462	8.00710878865224	100	90.567536682256	78.2000778057997	7051.5125	49.2762587411063	62.7374445597331	16.6777777777778	"YES"	"YES"
"Israel"	32106.1303446528	8.7137531662639	100	93.4544195853928	72.6831489471629	11717.6375	49.5949540138245	67.5604451497396	22.6	"NO"	"YES"
"Italy"	34751.1671117017	6.25763436563566	100	97.2458463866554	56.3994318895	65351.4125	53.25029700143	53.0444446139865	26.8222222222222	"YES"	"YES"
"Jamaica"	4737.51705622278	2.69766144356982	94.5023187637329	27.6686495062159	35.9111782596741	183.4	50.4700513567243	62.3656662835015	13.9	"NO"	"NO"
"Japan"	45906.9685146772	9.34078475838005	100	128.78648623006	85.2445074756614	106035.675	49.6554777962821	65.2737778557671	9.53333333333333	"NO"	"NO"
"Jordan"	3452.30231666177	2.99644045739174	99.7649343490601	25.0379701427131	41.8895719070715	1476.3125	50.6034679412842	15.4216664632161	11.7555555555556	"NO"	"NO"
"Kazakhstan"	10026.9944420668	14.732158543335	99.9061353417892	68.2877785145897	57.0505844663309	794.9875	49.5691057840983	73.2095565795898	23.0666666666667	"NO"	"NO"
"Kenya"	1049.41740188575	0.302119575165093	33.3277512550354	9.15339921135309	11.9125	853.1	48.3664916992188	62.5458891126845	15.3444444444444	"YES"	"YES"
"Korea, Rep."	23699.3748287089	11.4186276107443	100	275.444849616099	87.0329023886312	57316.175	47.775817326137	56.1732224358453	15.7888888888889	"NO"	"NO"
"Kuwait"	37539.3509178761	28.6805573103056	100	55.1322632911071	72.9410791990224	805.2	49.8115015029907	49.7435557047526	4.78888888888889	"NO"	"NO"
"Kyrgyz Republic"	969.375909970463	1.4993323014473	99.661498260498	20.4084736335809	23.2058803469139	54.675	49.709014415741	54.0850003560384	22.1888888888889	"NO"	"NO"
"Lao PDR"	1389.48208170784	0.254668035076311	77.6218748397754	16.6066853951406	12.4472095236403	59.35	45.9313774108887	80.6836658053928	25.6	"YES"	"YES"
"Latvia"	13309.0022003742	3.54256302306064	100	68.1189426223863	74.3947619788905	1131	50.8786343165806	72.050777859158	20.1111111111111	"YES"	"YES"
"Lebanon"	7849.93459441776	4.54110733798708	99.9386784399035	38.5906441844566	60.084973214788	1057.0125	53.5145044326782	25.2867779201932	3.1	"NO"	"NO"
"Lesotho"	1281.82464045979	1.13260738007138	23.6150842666626	9.26941265829871	14.2425	13.45	57.392523765564	61.7200003729926	25.0666666666667	"NO"	"YES"
"Liberia"	353.781273427195	0.206167593411502	9.07323831319809	1.53381429030286	3.90412175177435	10.025	43.3676261901855	54.8272221883138	11.3222222222222	"YES"	"YES"
"Lithuania"	14174.4186111458	4.35687911716503	100	51.498695634865	68.5225298669085	2351.25	49.5549063682556	70.9903327094184	21.7777777777778	"YES"	"YES"
"Luxembourg"	105507.083578096	19.9266485302555	100	106.673130548132	93.4111785669035	660.8	50.2065645853678	62.5738894144694	24.8	"YES"	"YES"
"Macedonia, FYR"	4831.03428025658	4.10195941937112	99.8161012097322	53.9414573755122	61.7071202225709	469.275	49.9260311126709	51.2056664360894	32.9555555555556	"NO"	"NO"
"Madagascar"	412.758914530861	0.112259118050439	17.470977306366	1.95331662973931	3.657515009945	102.725	49.4711694717407	86.9041112263997	17.5875	"NO"	"NO"
"Malawi"	470.890145224417	0.0720075268424618	9.27519809007645	3.95764448820672	5.33234354339055	167.4125	47.1974987983704	73.9855558607313	19.4777777777778	"YES"	"YES"
"Malaysia"	10048.2911166966	7.69414751414089	99.7336780548096	52.0926592684372	65.5239772100486	15112.275	51.3300959269206	50.8775554233127	10.2888888888889	"NO"	"NO"
"Maldives"	7806.65409681912	2.7640241337537	99.2674949645996	23.2770681598891	41.3993306390441	5.8	49.7316193580628	49.0707774692112	6.23333333333333	"YES"	"NO"
"Mali"	712.578591468714	0.0656796000321492	29.5900921620023	3.82279640061681	5.09277331113236	77.9375	41.6206493377685	57.8544442918566	9.65555555555556	"NO"	"NO"
"Malta"	23228.6142671719	5.89479386962842	100	56.2114171384073	70.3871411933164	247.425	49.7762746810913	49.2667774624295	11.2333333333333	"NO"	"YES"
"Mauritania"	1265.87608559937	0.650968817923659	36.3339055538178	6.89320960569242	8.23489083635313	12.8	46.4716105461121	31.4024444156223	23.4777777777778	"NO"	"NO"
"Mauritius"	8896.26458919107	3.16388537438187	98.7661502838135	43.5196679651883	38.5575931144577	107.4375	52.2268323898315	49.7608888414171	16.2111111111111	"YES"	"YES"
"Mexico"	9423.86548833388	4.02025725699867	99.2793709962769	47.9472348653503	44.7766703884335	12995.225	50.1595849990845	46.8607779608833	35.3777777777778	"YES"	"NO"
"Moldova"	1858.46324388468	1.3751895714539	99.9901208877563	31.3740301813269	51.0212498883328	220.6375	50.3309750556946	44.6669998168945	20.6888888888889	"NO"	"NO"
"Mongolia"	3454.5739679627	7.95737480831245	79.0736084085889	47.4937602031812	16.4385241601439	117.475	51.4969654083252	56.4411112467448	11.6777777777778	"NO"	"NO"
"Montenegro"	7038.44983265207	3.70088198524609	99.8498624801636	70.815550655206	55.0704315791802	168.975	50.1253299713135	51.9828893873427	16.6	"NO"	"YES"
"Morocco"	3047.50605927134	1.74929404919342	94.5233442306518	23.4753637037618	53.8596649134661	2541.9875	45.865460395813	26.917888853285	16.3333333333333	"NO"	"YES"
"Mozambique"	469.403635676697	0.155497849907444	20.3456009864807	7.74840240957923	8.5168780378553	74.3375	47.2045413425991	84.2644449869792	39.35	"NO"	"NO"
"Myanmar"	1190.56503238198	0.270247769639725	53.7245770454407	1.4072476673094	8.97114228125	69.175	51.0073976516724	56.2172224256727	7.275	"NO"	"NO"
"Namibia"	5623.22402868493	1.39253803833325	47.8898599624634	52.0753626021053	16.0628247197932	71.6375	53.1969203948975	57.999444325765	31.05	"YES"	"YES"
"Nepal"	646.723338790642	0.214035497587003	77.9065602302551	8.36546856441731	12.0074602303986	465.9	49.9813554551866	83.9368896484375	31.5777777777778	"NO"	"NO"
"Netherlands"	51014.3488332717	10.3788487019008	100	53.3567444704117	91.7317144298291	30628.7375	49.9924329121908	74.0255559285482	38.9	"YES"	"YES"
"New Zealand"	35641.7526229652	7.4973433666235	100	72.6168073163398	83.5009431680689	7361.65	49.6441597938538	72.882332695855	32.2888888888889	"YES"	"NO"
"Nicaragua"	1744.34903466621	0.797400244952009	79.8278607957764	13.6154360437726	14.8470156823162	32.2125	51.5854606628418	51.0895563761393	36.9666666666667	"NO"	"NO"
"Niger"	370.044210199765	0.088676657241253	14.4845862150192	1.13577633059559	2.55132947255102	47.5	39.5512690544128	69.2101109822591	13.475	"NO"	"YES"
"Nigeria"	2422.57895267206	0.561193054764781	54.1417261123657	13.5646599400495	17.62125	3649.25	46.0249710083008	49.8289998372396	6.41111111111111	"NO"	"NO"
"Norway"	89072.6851881955	10.5903491291168	100	50.4584476186519	95.0644869901582	10022.2	51.2170476913452	75.8087777031793	39.6	"YES"	"YES"
"Oman"	17773.9945187251	15.9322802852166	100	37.4481789179971	57.209725	629	48.5906658172607	31.0122220781114	0.933333333333333	"NO"	"NO"
"Pakistan"	1103.29469679236	0.924409984585647	93.3842319488525	6.4195466652096	10.8593197237177	7220.375	41.8753232955933	24.2791112263997	21.4	"NO"	"NO"
"Panama"	9773.33311708136	2.56145354188273	90.0268453598022	55.5655655668776	44.5421650269897	147.2	51.2636260986328	54.7067773607042	12.9666666666667	"NO"	"NO"
"Papua New Guinea"	2163.64136728564	0.741516371654765	20.4790554046631	6.66000250588295	4.68644230769231	54.825	42.6767311096191	70.7484436035156	1.8	"NO"	"NO"
"Paraguay"	3525.47100374201	0.824951987127376	98.267812875	21.1274844357364	37.4332524556643	63.5	50.5358791351319	59.7796664767795	14.0333333333333	"YES"	"YES"
"Peru"	5589.49767704737	1.85011856381876	91.1392073256836	61.1795281341705	39.429930238641	678.8	48.621895313263	73.1584447224935	24.3888888888889	"YES"	"YES"
"Philippines"	2417.21998026232	0.939563494773246	86.8311860656738	20.2925309720368	38.266765448625	996.1125	50.6060930887858	50.8530002170139	25.5333333333333	"YES"	"YES"
"Poland"	13841.3301649758	7.96428853262574	100	59.0541179017686	65.8091402433147	28697.8375	52.3918619155884	60.4664442274306	24.2444444444444	"YES"	"NO"
"Portugal"	22057.6968984678	4.54025671850661	100	181.120785720604	61.8548083785357	12802.925	51.6029777526855	69.8846664428711	30.7333333333333	"YES"	"YES"
"Qatar"	68369.7889620196	42.2138990485601	100	55.8621590377129	78.0457430760672	779.95	49.1417875289917	55.9695553249783	0	"NO"	"NO"
"Romania"	9172.51714824926	3.88016449317977	100	64.007017492841	49.4754360557181	10778.3125	51.277144908905	56.1410001118978	13.5777777777778	"YES"	"YES"
"Russian Federation"	11253.0003149985	12.0148581053641	100	141.493340024679	60.2766192390897	41986.8	50.2518087114607	68.5012215508355	13.8333333333333	"NO"	"NO"
"Rwanda"	650.592848256318	0.065557449458531	17.104639878273	4.12460817540089	11.0404817846185	74.6375	52.7039506094796	87.9713338216146	60.1888888888889	"YES"	"NO"
"Samoa"	3597.1496586374	1.03423586665625	98.3466520528897	33.3974094162176	16.0301537349489	5.7	50.7908842904227	25.7096663581	6.76666666666667	"YES"	"YES"
"Sao Tome and Principe"	1201.41004048953	0.58351569655279	62.0932500839234	23.3829292834677	22.26545	1.025	52.5359823438857	42.8342221577962	16.9888888888889	"NO"	"NO"
"Saudi Arabia"	20625.0830266382	18.5357328786096	100	65.1362206992592	58.9206279765319	6416.9875	47.5174474716187	21.3006665971544	11.0555555555556	"NO"	"NO"
"Senegal"	1032.58131328876	0.562793885062549	58.0391483306885	4.84119491223448	14.281879021804	289.8875	48.1608891487122	45.6990000406901	36	"NO"	"NO"
"Serbia"	5619.49641413224	6.1804726482634	99.80640122312	46.3902730779366	54.1700163264362	4957.25	50.3743739128113	54.4864446851942	29.7777777777778	"YES"	"YES"
"Sierra Leone"	459.420549839407	0.143521056278536	15.1375765315018	0.382065723230445	4.051863120875	20.8	47.3780097961426	59.9897783067491	12.6	"NO"	"NO"
"Singapore"	50004.2358513915	9.72728350614566	100	60.296190376047	76.7604209440596	10535.0875	49.8837585449219	65.8008889092339	23.7111111111111	"YES"	"NO"
"Slovak Republic"	17795.4199149781	6.21163947952281	100	56.018415859752	77.1620949788948	4410.2	50.9079873221261	62.8936670091417	18.2333333333333	"YES"	"YES"
"Slovenia"	23638.6198862958	7.09946893204561	100	99.137974026764	71.2709111060643	3563.6125	52.3016815185547	67.6338890923394	30.1222222222222	"NO"	"YES"
"Solomon Islands"	1430.27635474911	0.364354400919069	39.440550327301	10.852110609174	7.49984590672075	7.45	46.8525221688407	63.9024437798394	1.33333333333333	"NO"	"NO"
"South Africa"	7451.92984477134	9.0940740332057	84.5875	60.9145877087302	38.7986394653434	9766.275	51.2383232116699	50.3794445461697	42.5777777777778	"YES"	"YES"
"Spain"	30477.2809516045	5.60009497417824	100	130.573130735594	72.9753531088368	53031.6	49.5170831680298	67.9955554538303	37.8	"YES"	"YES"
"Sri Lanka"	3319.47443221175	0.746840418248996	89.6933238220215	15.3620304860003	20.4756425366198	676.4625	51.0375909805298	38.2381112840441	5.64444444444444	"YES"	"NO"
"St. Lucia"	8192.55378583929	2.31378708508486	95.6865553712678	42.6626477787046	37.1600010666979	2.4375	50.1234354972839	67.0827772352431	15.4555555555556	"YES"	"YES"
"St. Vincent and the Grenadines"	6447.09293641122	2.13572988535518	96.4031896591186	29.3212415240231	45.0227354914463	1.1375	50.2529850006104	63.7339994642469	15.0888888888889	"NO"	"NO"
"Sudan"	1751.69993420571	0.326404484201726	36.9145424842835	3.81899173808243	22.4442857142857	285	47.4884166717529	23.9633333418104	26.0111111111111	"NO"	"NO"
"Suriname"	8505.77674946828	3.91505624859759	89.2617252342643	41.7836480663409	36.9093784728139	10.175	60.5375328063965	45.9704441494412	17.6666666666667	"YES"	"NO"
"Sweden"	53588.8802807085	4.95760338721931	100	41.2416280515996	92.3249296612958	19343.55	51.144095829555	78.4674436781142	44.5555555555556	"YES"	"YES"
"Switzerland"	75504.6578042977	4.84023568437485	100	97.8513298146258	86.6289597137356	20695.5125	51.1690516471863	77.6129989624023	30.2222222222222	"YES"	"YES"
"Tajikistan"	855.000027790048	0.395831194447484	99.6363603591919	6.66314401238293	15.2625000000687	44.4375	46.819517771403	48.5418891906738	18.6	"NO"	"YES"
"Tanzania"	783.428028328294	0.18222469323208	17.7637723922729	4.85842859332777	5.85625	440.6125	46.8484349931989	81.9620005289714	35.4625	"YES"	"YES"
"Thailand"	5475.06947339245	4.28578893731423	99.4903003938716	99.3475399128704	32.9081052578655	7813.2125	51.7480495997838	69.7925559149848	10.7888888888889	"NO"	"NO"
"Timor-Leste"	3337.97681754114	0.274832482429097	53.3539931458376	5.11183601127719	11.59328119875	5.725	50.2686810493469	26.3775549994575	35.0555555555556	"YES"	"NO"
"Togo"	522.936219259515	0.386204962794657	40.3077337534135	3.71036055361339	6.01002499658783	60.875	37.6449160575867	77.9666654798719	14.4666666666667	"YES"	"YES"
"Tonga"	3636.49208175714	1.10322318828488	93.9892591695977	27.7255340472798	28.53870931125	1.85	50.1333541870117	47.5028889973958	1.96666666666667	"YES"	"NO"
"Trinidad and Tobago"	16387.4374844241	34.6271802828797	99.7455472946167	38.7910389208385	59.8639514783974	198.3625	51.5590209960938	58.9610006544325	29.2	"YES"	"NO"
"Tunisia"	4182.13198073398	2.49216662291859	99.6875	22.9236242927182	43.6635111111111	4244.525	52.6477494239807	27.3153332604302	28.9444444444444	"NO"	"NO"
"Turkey"	12612.2654999976	4.26362438564969	99.9008045196533	67.2897483438595	48.7203379190432	29396.95	48.7826461791992	32.6426667107476	13.3111111111111	"NO"	"YES"
"Uganda"	633.071041746359	0.119452586011765	16.8855418682098	4.0200619434401	15.1880716575	477.0375	46.6847133636475	67.5652219984267	33.9555555555556	"YES"	"YES"
"Ukraine"	3011.34015281294	6.00668569768883	99.9587619801713	88.6558363875496	36.7816263719448	6817.3625	49.3506383895874	60.7166667514377	10.1	"NO"	"NO"
"United Arab Emirates"	38295.6265728986	20.417100940843	100	59.1804575159309	83.2577690401491	1670.55	48.8648109436035	42.7073330349392	20.2777777777778	"NO"	"NO"
"United Kingdom"	40337.9436835014	7.25182322819472	100	126.422076108768	88.7062747007164	99381.0375	49.3600442068918	70.6272218492296	24.7111111111111	"YES"	"YES"
"United States"	50273.3994108308	16.7804345028107	100	173.903310195759	72.7813000238805	422442.4875	49.0076272147042	66.476555718316	18.2	"YES"	"NO"
"Uruguay"	13118.3806896915	2.22364257217339	99.4147038897095	51.6730636286926	55.5260537171385	634.025	53.4197044372559	67.7645560370551	14.9333333333333	"NO"	"NO"
"Uzbekistan"	1657.43223238242	3.68465336089652	99.9925012588501	8.16340173840041	27.7364108675976	345.0125	48.3074518839518	56.7344445122613	20	"NO"	"NO"
"Vanuatu"	2917.50623994459	0.509445489459612	40.7374825386732	32.2315728623055	13.968675572817	8.45	49.7535152435303	62.1968892415365	1.05555555555556	"YES"	"NO"
"Venezuela, RB"	14009.1190342485	6.25755947481794	99.1205487060547	40.1920507648308	49.138666395908	1278.25	51.1174340248108	54.4824447631836	17.3444444444444	"YES"	"NO"
"Vietnam"	1516.04786498046	1.62813497775083	98.9863916397095	21.2874010728443	37.32125	1732.4	50.1591458320618	78.904778374566	25.2	"NO"	"YES"
"Yemen, Rep."	1014.99710088651	0.913954642837969	67.364527130127	4.43953055137695	18.2345147292026	112.275	39.2044921875	7.97055562337239	0.2	"NO"	"NO"
"Zambia"	1556.13052171146	0.230914170348814	25.7684998512268	8.62482750733355	15.2730973559463	121.625	46.7122161865234	71.3253326416016	13.5555555555556	"YES"	"YES"
"Zimbabwe"	862.213051896381	0.617972600390779	36.7853709213652	5.24932638110428	13.5659433874175	212.375	49.4430503845215	78.6913341946072	24.2888888888889	"YES"	"NO"
