"Country"	"2009"	"2010"	"2011"	"2012"	"2013"	"2014"	"2015"	"2016"	"2017"
"Afghanistan"	28004331	28803167	29708599	30696958	31731688	32758020	33736494	34656032	35530081
"Albania"	2927519	2913021	2905195	2900401	2895092	2889104	2880703	2876101	2873457
"Algeria"	35465760	36117637	36819558	37565847	38338562	39113313	39871528	40606052	41318142
"American Samoa"	56227	55637	55320	55230	55307	55437	55537	55599	55641
"Andorra"	84462	84449	83751	82431	80788	79223	78014	77281	76965
"Angola"	22549547	23369131	24218565	25096150	25998340	26920466	27859305	28813463	29784193
"Antigua and Barbuda"	93581	94661	95719	96777	97824	98875	99923	100963	102012
"Arab World"	348145094	356508908	364895878	373306993	381702086	390043028	398304960	406452690	414491886
"Argentina"	40799407	41223889	41656879	42096739	42539925	42981515	43417765	43847430	44271041
"Armenia"	2888584	2877311	2875581	2881922	2893509	2906220	2916950	2924816	2930450
"Aruba"	101453	101669	102053	102577	103187	103795	104341	104822	105264
"Australia"	21691700	22031750	22340024	22742475	23145901	23504138	23850784	24210809	24598933
"Austria"	8343323	8363404	8391643	8429991	8479823	8546356	8642699	8736668	8809212
"Azerbaijan"	8947243	9054332	9173082	9295784	9416801	9535079	9649341	9757812	9862429
"Bahamas, The"	354856	360832	366568	372039	377240	382169	386838	391232	395361
"Bahrain"	1185029	1240862	1278269	1300217	1315411	1336397	1371855	1425171	1492584
"Bangladesh"	150454708	152149102	153911916	155727053	157571292	159405279	161200886	162951560	164669751
"Barbados"	278470	279569	280601	281585	282509	283385	284217	284996	285719
"Belarus"	9506765	9490583	9473172	9464495	9465997	9474511	9489616	9501534	9507875
"Belgium"	10796493	10895586	11047744	11128246	11182817	11209057	11274196	11331422	11372068
"Belize"	313929	321608	329192	336701	344181	351694	359288	366954	374681
"Benin"	8944706	9199259	9460802	9729160	10004451	10286712	10575952	10872298	11175692
"Bermuda"	65636	65124	64564	64798	65001	65139	65239	65341	65441
"Bhutan"	714458	727641	740510	752967	764961	776448	787386	797765	807610
"Bolivia"	9758748	9918242	10078343	10239004	10400264	10562159	10724705	10887882	11051600
"Bosnia and Herzegovina"	3746561	3722084	3688865	3648200	3604999	3566002	3535961	3516816	3507017
"Botswana"	1979882	2014866	2051339	2089315	2128507	2168573	2209197	2250260	2291661
"Brazil"	194895996	196796269	198686688	200560983	202408632	204213133	205962108	207652865	209288278
"British Virgin Islands"	26447	27224	27901	28509	29056	29588	30113	30661	31196
"Brunei Darussalam"	383772	388662	394013	399748	405716	411704	417542	423196	428697
"Bulgaria"	7444443	7395599	7348328	7305888	7265115	7223938	7177991	7127822	7075991
"Burkina Faso"	15141099	15605217	16081904	16571216	17072723	17585977	18110624	18646433	19193382
"Burundi"	8489031	8766930	9043508	9319710	9600186	9891790	10199270	10524117	10864245
"Cabo Verde"	496963	502384	508067	513979	520106	526437	532913	539560	546388
"Cambodia"	14090208	14308740	14537886	14776866	15022692	15270790	15517635	15762370	16005373
"Cameroon"	19432541	19970495	20520447	21082383	21655715	22239904	22834522	23439189	24053727
"Canada"	33628571	34005274	34342780	34750545	35152370	35535348	35832513	36264604	36708083
"Caribbean small states"	6939534	6984096	7029022	7074129	7118888	7162679	7204948	7245472	7284294
"Cayman Islands"	54279	55507	56579	57523	58371	59172	59963	60765	61559
"Central African Republic"	4404230	4448525	4476153	4490416	4499653	4515392	4546100	4594621	4659080
"Central Europe and the Baltics"	104924372	104543801	104174038	103935318	103713726	103496179	103257751	102994343	102727102
"Chad"	11502786	11887202	12288651	12705135	13133589	13569438	14009413	14452543	14899994
"Channel Islands"	158603	159581	160497	161358	162180	162969	163758	164541	165314
"Chile"	16829442	16993354	17153357	17309746	17462982	17613798	17762681	17909754	18054726
"China"	1331260000	1337705000	1344130000	1350695000	1357380000	1364270000	1371220000	1378665000	1386395000
"Colombia"	45416181	45918097	46406646	46881475	47342981	47791911	48228697	48653419	49065615
"Comoros"	673252	689692	706569	723868	741500	759385	777424	795601	813912
"Congo, Dem. Rep."	62409435	64523263	66713597	68978682	71316033	73722860	76196619	78736153	81339988
"Congo, Rep."	4253712	4386693	4512730	4633363	4751393	4871101	4995648	5125821	5260750
"Costa Rica"	4488263	4545280	4600474	4654122	4706401	4757575	4807852	4857274	4905769
"Cote d'Ivoire"	19936366	20401331	20895311	21418603	21966312	22531350	23108472	23695919	24294750
"Croatia"	4429078	4417781	4280622	4267558	4255689	4238389	4203604	4174349	4125700
"Cuba"	11318602	11333051	11354651	11382146	11412167	11439767	11461432	11475982	11484636
"Curacao"	146833	148703	150831	152088	153822	155909	157980	159663	161014
"Cyprus"	1098076	1112607	1124835	1135062	1143896	1152309	1160985	1170125	1179551
"Czech Republic"	10443936	10474410	10496088	10510785	10514272	10525347	10546059	10566332	10591323
"Denmark"	5523095	5547683	5570572	5591572	5614932	5643475	5683483	5728010	5769603
"Djibouti"	836840	851146	865937	881185	896688	912164	927414	942333	956985
"Dominica"	71229	71440	71718	72044	72400	72778	73162	73543	73925
"Dominican Republic"	9767758	9897985	10027095	10154950	10281296	10405844	10528394	10648791	10766998
"Early-demographic dividend"	2865439651	2909410986	2953406021	2997066325	3040700765	3084236443	3127578757	3170657660	3213426923
"East Asia & Pacific"	2192352319	2207154641	2221934584	2237082761	2252311022	2267745366	2283108073	2298726779	2314364990
"East Asia & Pacific (excluding high income)"	1952308448	1966231608	1980303926	1994651365	2009173000	2023837097	2038410865	2053299126	2068308373
"East Asia & Pacific (IDA & IBRD countries)"	1927809542	1941604842	1955546907	1969762859	1984152637	1998686391	2013132699	2027896410	2042783496
"Ecuador"	14691275	14934690	15177355	15419666	15661547	15903112	16144368	16385068	16624858
"Egypt, Arab Rep."	82465022	84107606	85897561	87813257	89807433	91812566	93778172	95688681	97553151
"El Salvador"	6137276	6164626	6192560	6221246	6250777	6281189	6312478	6344722	6377853
"Equatorial Guinea"	909111	951104	994290	1038593	1083746	1129424	1175389	1221490	1267689
"Eritrea"	4310334	4390840	4474690	NA	NA	NA	NA	NA	NA
"Estonia"	1334515	1331475	1327439	1322696	1317997	1314545	1315407	1315790	1315480
"Eswatini"	1180675	1202843	1225258	1248158	1271456	1295097	1319011	1343098	1367254
"Ethiopia"	85416253	87702670	90046756	92444183	94887724	97366774	99873033	102403196	104957438
"Euro area"	335360887	336151474	335429120	336180504	337325526	338466271	339533474	340617355	341465149
"Europe & Central Asia"	885591814	889016507	891098854	894679968	898881448	903123160	907426233	911686319	915545801
"Europe & Central Asia (excluding high income)"	397043992	399053204	401241932	403439691	405871230	408271623	410770813	413234935	415546194
"Europe & Central Asia (IDA & IBRD countries)"	439624673	441513779	443585809	445770413	448167115	450521747	452960829	455379371	457647735
"European Union"	503317964	504421126	504015371	505117542	506621110	508193872	509717579	511218960	512461290
"Faroe Islands"	48517	48550	48608	48666	48747	48842	48965	49117	49290
"Fiji"	851967	859950	867086	873596	879715	885806	892149	898760	905502
"Finland"	5338871	5363352	5388272	5413971	5438972	5461512	5479531	5495303	5511303
"Fragile and conflict affected situations"	423028631	433388814	443918286	454618893	465515402	476608101	487923553	499508468	511336623
"France"	64707044	65027507	65342775	65659789	65998660	66316092	66593366	66859768	67118648
"French Polynesia"	265581	267820	269843	271703	273528	275484	277690	280208	283007
"Gabon"	1586754	1640210	1697101	1756817	1817271	1875713	1930175	1979786	2025137
"Gambia, The"	1639560	1692149	1746363	1802125	1859324	1917852	1977590	2038501	2100568
"Georgia"	3978000	3926000	3875000	3825000	3776000	3727000	3717100	3719300	3717100
"Germany"	81902307	81776930	80274983	80425823	80645605	80982500	81686611	82348669	82695000
"Ghana"	23903831	24512104	25121796	25733049	26346251	26962563	27582821	28206728	28833629
"Gibraltar"	32956	33189	33405	33623	33831	34038	34228	34408	34571
"Greece"	11107017	11121341	11104899	11045011	10965211	10892413	10820883	10775971	10760421
"Greenland"	56323	56905	56890	56810	56483	56295	56114	56186	56171
"Grenada"	104296	104677	105075	105481	105909	106360	106823	107317	107825
"Guam"	159231	159444	159678	159973	160375	160967	161797	162896	164229
"Guatemala"	14316208	14630417	14948919	15271056	15596214	15923559	16252429	16582469	16913503
"Guinea"	10556524	10794170	11035170	11281469	11536615	11805509	12091533	12395924	12717176
"Guinea-Bissau"	1517448	1555880	1596154	1638139	1681495	1725744	1770526	1815698	1861283
"Guyana"	745693	746556	749100	753091	758081	763393	768514	773303	777859
"Haiti"	9852870	9999617	10145054	10289210	10431776	10572466	10711061	10847334	10981229
"Heavily indebted poor countries (HIPC)"	612731524	630127436	648053253	666488623	685401960	704745420	724482652	744602976	765112280
"High income"	1190790909	1198787232	1204631343	1212058100	1219556921	1227211897	1234714041	1242137612	1249066228
"Honduras"	8035021	8194778	8351600	8505646	8657785	8809216	8960829	9112867	9265067
"Hong Kong SAR, China"	6972800	7024200	7071600	7150100	7178900	7229500	7291300	7336600	7391700
"Hungary"	10022650	10000023	9971727	9920362	9893082	9866468	9843028	9814023	9781127
"IBRD only"	4385943475	4430022932	4474450995	4519551913	4564885065	4610015643	4654714482	4699231955	4743263932
"Iceland"	318499	318041	319014	320716	323764	327386	330815	335439	341284
"IDA & IBRD total"	5727963757	5803571023	5880131377	5957668177	6036113018	6114993204	6194062653	6273584648	6353204601
"IDA blend"	442179341	452947421	463997812	474993526	486261860	497751634	509396383	521159047	533023458
"IDA only"	899840941	920600670	941682570	963122738	984966093	1007225927	1029951788	1053193646	1076917211
"IDA total"	1342020282	1373548091	1405680382	1438116264	1471227953	1504977561	1539348171	1574352693	1609940669
"India"	1214270132	1230980691	1247236029	1263065852	1278562207	1293859294	1309053980	1324171354	1339180127
"Indonesia"	239340478	242524123	245707511	248883232	252032263	255131116	258162113	261115456	263991379
"Iran, Islamic Rep."	73687565	74567511	75491582	76453574	77435384	78411092	79360487	80277428	81162788
"Iraq"	29894652	30762701	31727053	32776571	33883145	35006080	36115649	37202572	38274618
"Ireland"	4535375	4560155	4580084	4599533	4623816	4657740	4701957	4755335	4813608
"Isle of Man"	79325	80072	80759	81406	82013	82590	83167	83737	84287
"Israel"	7485600	7623600	7765800	7910500	8059500	8215700	8380100	8546000	8712400
"Italy"	59095365	59277417	59379449	59539717	60233948	60789140	60730582	60627498	60551416
"Jamaica"	2804082	2817210	2829493	2840992	2851807	2862087	2871934	2881355	2890299
"Japan"	128047000	128070000	127833000	127629000	127445000	127276000	127141000	126994511	126785797
"Jordan"	6821116	7182390	7574943	7992573	8413464	8809306	9159302	9455802	9702353
"Kazakhstan"	16092822	16321872	16557201	16792089	17035550	17288285	17542806	17794055	18037646
"Kenya"	40237204	41350152	42486839	43646629	44826849	46024250	47236259	48461567	49699862
"Kiribati"	100568	102652	104656	106613	108535	110458	112407	114395	116398
"Korea, Dem. People’s Rep."	24463021	24591599	24722298	24854034	24985976	25116363	25243917	25368620	25490965
"Korea, Rep."	49307835	49554112	49936638	50199853	50428893	50746659	51014947	51245707	51466201
"Kosovo"	1761474	1775680	1791000	1805200	1824100	1821800	1801800	1816200	1830700
"Kuwait"	2818939	2998083	3191051	3395556	3598385	3782450	3935794	4052584	4136528
"Kyrgyz Republic"	5383300	5447900	5514600	5607200	5719600	5835500	5956900	6079500	6201500
"Lao PDR"	6152036	6246274	6333487	6415169	6494557	6576397	6663967	6758353	6858160
"Late-demographic dividend"	2169773889	2182871640	2196130364	2209708504	2223457388	2237241890	2250812795	2264568981	2278227192
"Latin America & Caribbean"	589349327	596478519	603537118	610547919	617495658	624335544	631062657	637663890	644137666
"Latin America & Caribbean (excluding high income)"	518406797	524870761	531283625	537645733	543940758	550149862	556257851	562254848	568136842
"Latin America & the Caribbean (IDA & IBRD countries)"	573125269	580246796	587315129	594330743	601277206	608136047	614891969	621534921	628059792
"Latvia"	2141669	2097555	2059709	2034319	2012647	1993782	1977527	1959537	1940740
"Least developed countries: UN classification"	828953320	848791962	869298106	890423474	912093996	934192321	956631108	979387925	1002485957
"Lebanon"	4183156	4337141	4588368	4916404	5276102	5603279	5851479	6006668	6082357
"Lesotho"	2019209	2040551	2064166	2089928	2117361	2145785	2174645	2203821	2233339
"Liberia"	3811528	3948125	4070167	4181563	4286291	4390737	4499621	4613823	4731906
"Libya"	6121053	6169140	6193501	6198258	6195970	6204108	6234955	6293253	6374616
"Liechtenstein"	35766	36003	36264	36545	36834	37127	37403	37666	37922
"Lithuania"	3162916	3097282	3028115	2987773	2957689	2932367	2904910	2868231	2827721
"Low & middle income"	5658778430	5734082511	5810352625	5887499549	5965580605	6044110924	6122845409	6202019744	6281293921
"Low income"	596172925	612274687	628504663	644901894	661550623	678572076	696058453	714022293	732448558
"Lower middle income"	2640211692	2681264749	2722672277	2764105969	2805845772	2847559084	2889349899	2931075528	2972642807
"Luxembourg"	497783	506953	518347	530946	543360	556319	569604	582014	599449
"Macao SAR, China"	525313	536969	549439	562531	575841	588781	600942	612167	622567
"Macedonia, FYR"	2069093	2070739	2072383	2074036	2075739	2077495	2079308	2081206	2083160
"Madagascar"	20569121	21151640	21743949	22346573	22961146	23589801	24234088	24894551	25570895
"Malawi"	14714602	15167095	15627618	16097305	16577147	17068838	17573607	18091575	18622104
"Malaysia"	27605383	28112289	28635128	29170456	29706724	30228017	30723155	31187265	31624264
"Maldives"	354501	364511	375131	386203	397397	408247	418403	427756	436330
"Mali"	14606597	15075085	15540989	16006670	16477818	16962846	17467905	17994837	18541980
"Malta"	412477	414508	416268	420028	425967	434558	445053	455356	465292
"Marshall Islands"	52320	52425	52542	52663	52793	52898	52994	53066	53127
"Mauritania"	3506288	3609543	3717672	3830239	3946170	4063920	4182341	4301018	4420184
"Mauritius"	1247429	1250400	1252404	1255882	1258653	1260934	1262605	1263473	1264613
"Mexico"	115505228	117318941	119090017	120828307	122535969	124221600	125890949	127540423	129163276
"Micronesia, Fed. Sts."	103960	103616	103468	103503	103702	104015	104433	104937	105544
"Middle East & North Africa"	380192587	388376106	396573248	404783020	412953000	421030035	428974903	436738031	444322417
"Middle East & North Africa (excluding high income)"	329488935	335581557	341822043	348195697	354641044	361077997	367449306	373719055	379901782
"Middle East & North Africa (IDA & IBRD countries)"	325786717	331770455	337894992	344148796	350471538	356783315	363027163	369167489	375217005
"Middle income"	5062605505	5121807824	5181847962	5242597655	5304029982	5365538848	5426786956	5487997451	5548845363
"Moldova"	3565604	3562045	3559986	3559519	3558566	3556397	3554108	3551954	3549750
"Monaco"	36534	37094	37497	37783	37971	38132	38307	38499	38695
"Mongolia"	2668289	2712650	2761516	2814226	2869107	2923896	2976877	3027398	3075647
"Montenegro"	618294	619428	620079	620601	621207	621810	622159	622303	622471
"Morocco"	31989897	32409639	32858823	33333789	33824769	34318082	34803322	35276786	35739580
"Mozambique"	23524063	24221405	24939005	25676606	26434372	27212382	28010691	28829476	29668834
"Myanmar"	49800690	50155896	50553031	50986514	51448196	51924182	52403669	52885223	53370609
"Namibia"	2137040	2173170	2215621	2263934	2316520	2370992	2425561	2479713	2533794
"Nauru"	9945	10025	10057	10279	10821	11853	12475	13049	13649
"Nepal"	26741103	27023137	27327147	27649925	27985310	28323241	28656282	28982771	29304998
"Netherlands"	16530388	16615394	16693074	16754962	16804432	16865008	16939923	17030314	17132854
"New Caledonia"	245950	249750	254350	259000	263650	268050	272400	276550	280460
"New Zealand"	4302600	4350700	4384000	4408100	4442100	4509700	4595700	4693200	4793900
"Nicaragua"	5666581	5737723	5807820	5877108	5945747	6013997	6082035	6149928	6217581
"Niger"	15813913	16425578	17064636	17731634	18426372	19148219	19896965	20672987	21477348
"Nigeria"	154402181	158578261	162877076	167297284	171829303	176460502	181181744	185989640	190886311
"North America"	340465736	343408819	346051624	348808615	351451876	354223012	356937591	359735880	362492702
"Northern Mariana Islands"	55674	54424	53786	53718	54036	54468	54816	55023	55144
"Norway"	4828726	4889252	4953088	5018573	5079623	5137232	5190239	5234519	5282223
"Not classified"	NA	NA	NA	NA	NA	NA	NA	NA	NA
"OECD members"	1237366149	1245479028	1251781641	1259608786	1267734036	1276165062	1284497900	1292855641	1300865255
"Oman"	2882942	3041460	3237268	3464644	3711481	3960925	4199810	4424762	4636262
"Other small states"	25615419	26267053	26900149	27529595	28153079	28774019	29396503	30012500	30621014
"Pacific island small states"	2184837	2214096	2242763	2271298	2300045	2329458	2358955	2388875	2419188
"Pakistan"	167049580	170560182	174184265	177911533	181712595	185546257	189380513	193203476	197015955
"Palau"	20342	20470	20599	20758	20920	21094	21288	21503	21729
"Panama"	3579385	3643222	3707782	3772938	3838462	3903986	3969249	4034119	4098587
"Papua New Guinea"	6947447	7108239	7269348	7430836	7592865	7755785	7919825	8084991	8251162
"Paraguay"	6127837	6209877	6293783	6379219	6465740	6552584	6639119	6725308	6811297
"Peru"	29001507	29373646	29759989	30158966	30565716	30973354	31376671	31773839	32165485
"Philippines"	92220879	93726624	95277940	96866642	98481032	100102249	101716359	103320222	104918090
"Poland"	38151603	38042794	38063255	38063164	38040196	38011735	37986412	37970087	37975841
"Portugal"	10568247	10573100	10557560	10514844	10457295	10401062	10358076	10325452	10293718
"Post-demographic dividend"	1070107590	1075131208	1078064180	1082727404	1087610209	1092678876	1097735849	1102778565	1107374909
"Pre-demographic dividend"	717959651	739082260	760942116	783505835	806705375	830442736	854646007	879292453	904399841
"Puerto Rico"	3740410	3721525	3678732	3634488	3593077	3534874	3473177	3406520	3337177
"Qatar"	1590780	1779676	1952054	2109568	2250473	2374419	2481539	2569804	2639211
"Romania"	20367487	20246871	20147528	20058035	19983693	19908979	19815481	19702332	19586539
"Russian Federation"	142785342	142849449	142960868	143201676	143506911	143819666	144096870	144342396	144495044
"Rwanda"	9977446	10246842	10516071	10788853	11065151	11345357	11629553	11917508	12208407
"Samoa"	184826	186205	187665	189194	190757	192290	193759	195125	196440
"San Marino"	30723	31110	31504	31914	32303	32657	32960	33203	33400
"Sao Tome and Principe"	170813	174776	178800	182889	187045	191266	195553	199910	204327
"Saudi Arabia"	26661492	27425676	28238020	29086357	29944476	30776722	31557144	32275687	32938213
"Senegal"	12550917	12916229	13300910	13703513	14120320	14546111	14976994	15411614	15850567
"Serbia"	7320807	7291436	7234099	7199077	7164132	7130576	7095383	7058322	7022268
"Seychelles"	87298	89770	87441	88303	89949	91359	93419	94677	95843
"Sierra Leone"	6310260	6458720	6611692	6766103	6922079	7079162	7237025	7396190	7557212
"Singapore"	4987573	5076732	5183688	5312437	5399162	5469724	5535002	5607283	5612253
"Sint Maarten (Dutch part)"	34238	34056	33435	34640	36607	37685	38824	39969	41109
"Slovak Republic"	5386406	5391428	5398384	5407579	5413393	5418649	5423801	5430798	5439892
"Slovenia"	2039669	2048583	2052843	2057159	2059953	2061980	2063531	2065042	2066748
"Small states"	34739790	35465245	36171934	36875022	37572012	38266156	38960406	39646847	40324496
"Solomon Islands"	516079	527790	539614	551531	563513	575504	587482	599419	611343
"Somalia"	11707990	12053223	12404725	12763776	13132349	13513125	13908129	14317996	14742523
"South Africa"	50970818	51584663	52263516	52998213	53767396	54539571	55291225	56015473	56717156
"South Asia"	1607663899	1630806784	1653798614	1676615491	1699310450	1721847786	1744199944	1766393714	1788388852
"South Asia (IDA & IBRD)"	1607663899	1630806784	1653798614	1676615491	1699310450	1721847786	1744199944	1766393714	1788388852
"South Sudan"	9670667	10067192	10448857	10818258	11177490	11530971	11882136	12230730	12575714
"Spain"	46362946	46576897	46742697	46773055	46620045	46480882	46444832	46484062	46572028
"Sri Lanka"	20075086	20198353	20315017	20425000	20585000	20771000	20966000	21203000	21444000
"St. Kitts and Nevis"	50886	51445	52006	52591	53169	53739	54288	54821	55345
"St. Lucia"	171022	172580	173832	174835	175660	176421	177206	178015	178844
"St. Martin (French part)"	29820	30235	30615	30959	31264	31530	31754	31949	32125
"St. Vincent and the Grenadines"	109253	109315	109341	109328	109320	109357	109455	109643	109897
"Sub-Saharan Africa"	853953657	877628367	901989926	927039875	952734072	979017918	1005850049	1033212743	1061107721
"Sub-Saharan Africa (excluding high income)"	853866359	877538597	901902485	926951572	952644123	978926559	1005756630	1033118066	1061011878
"Sub-Saharan Africa (IDA & IBRD countries)"	853953657	877628367	901989926	927039875	952734072	979017918	1005850049	1033212743	1061107721
"Sudan"	33650619	34385963	35167314	35990192	36849918	37737913	38647803	39578828	40533330
"Suriname"	520619	526103	531589	537077	542540	547928	553208	558368	563402
"Sweden"	9298515	9378126	9449213	9519374	9600379	9696110	9799186	9923085	10067744
"Switzerland"	7743831	7824909	7912398	7996861	8089346	8188649	8282396	8373338	8466017
"Syrian Arab Republic"	20824893	21018834	20863993	20420701	19809141	19203090	18734987	18430453	18269868
"Tajikistan"	7472819	7641630	7815949	7995062	8177809	8362745	8548651	8734951	8921343
"Tanzania"	44664231	46098591	47570902	49082997	50636595	52234869	53879957	55572201	57310019
"Thailand"	66881867	67208808	67530130	67843979	68143065	68416772	68657600	68863514	69037513
"Timor-Leste"	1092021	1109591	1131523	1156760	1184366	1212814	1240977	1268671	1296311
"Togo"	6330472	6502952	6679282	6859482	7042948	7228915	7416802	7606374	7797694
"Tonga"	103604	104137	104577	104951	105328	105782	106364	107122	108020
"Trinidad and Tobago"	1321618	1328100	1334788	1341588	1348248	1354493	1360092	1364962	1369125
"Tunisia"	10521834	10639931	10761467	10886668	11014558	11143908	11273661	11403248	11532127
"Turkey"	71339185	72326914	73409455	74569867	75787333	77030628	78271472	79512426	80745020
"Turkmenistan"	5007950	5087210	5174061	5267839	5366277	5466241	5565284	5662544	5758075
"Turks and Caicos Islands"	30245	30994	31731	32431	33108	33739	34339	34900	35446
"Tuvalu"	10441	10531	10628	10725	10819	10908	11001	11097	11192
"Uganda"	32771895	33915133	35093648	36306796	37553726	38833338	40144870	41487965	42862958
"Ukraine"	46053300	45870700	45706100	45593300	45489600	45271947	45154029	45004645	44831159
"United Arab Emirates"	7666393	8270684	8672475	8900453	9006263	9070867	9154302	9269612	9400145
"United Kingdom"	62276270	62766365	63258918	63700300	64128226	64613160	65128861	65595565	66022273
"United States"	306771529	309338421	311644280	313993272	316234505	318622525	321039839	323405935	325719178
"Upper middle income"	2422393813	2440543075	2459175685	2478491686	2498184210	2517979764	2537437057	2556921923	2576202556
"Uruguay"	3362755	3374415	3385624	3396777	3408005	3419546	3431552	3444006	3456750
"Uzbekistan"	27767400	28562400	29339400	29774500	30243200	30757700	31298900	31847900	32387200
"Vanuatu"	230785	236295	241871	247485	253142	258850	264603	270402	276244
"Venezuela, RB"	28587323	29028033	29463291	29893080	30317848	30738378	31155134	31568179	31977065
"Vietnam"	87565407	88472512	89436644	90451881	91497725	92544915	93571567	94569072	95540800
"Virgin Islands (U.S.)"	108405	108358	108292	108191	108044	107884	107710	107510	107268
"West Bank and Gaza"	3702218	3811102	3927051	4046901	4169506	4294682	4422143	4551566	4684777
"World"	6849569339	6932869743	7014983968	7099557649	7185137526	7271322821	7357559450	7444157356	7530360149
"Yemen, Rep."	22974929	23606779	24252206	24909969	25576322	26246327	26916207	27584213	28250420
"Zambia"	13456417	13850033	14264756	14699937	15153210	15620974	16100587	16591390	17094130
"Zimbabwe"	13810599	14086317	14386649	14710826	15054506	15411675	15777451	16150362	16529904
